  126       -2013.65       1344.466
  315      -1885.713       1081.202
  125          -1991            855
  314          -1869            719
  124      -1970.158         389.08
  313      -1853.658        322.563
  123      -1949.685         -80.52
  122          -1927           -545
  121      -1906.161       -1020.94
  312      -1837.587         -41.63
  310      -1803.169       -775.827
  404      -1634.217       1194.877
  403          -1605            707
  402      -1582.033        217.411
  215      -1496.233       1275.066
  214          -1476            818
  213      -1459.885        373.248
  212      -1442.592        -50.232
  211          -1423           -495
  210      -1403.954       -934.834
  325      -1247.778        1139.92
  324          -1233            758
  323      -1217.597        330.383
  322      -1203.551        -48.096
  321          -1188           -440
  320      -1173.205       -819.804
  412          -1182            227
  136           -986           1115
  135       -971.328       709.2204
  134       -954.998        318.775
  424       -811.222       1278.839
  423           -790            754
  422       -765.801        234.086
  336        -451.55       1303.835
  335        -444.15       977.7529
  334           -429            644
  333       -421.261        316.909
  332       -407.613        -78.909
  331           -394           -473
  330       -382.094       -838.866
  434        -344.72       1327.416
  433           -327            784
  432       -317.065        239.483
  420       -717.675       -816.874
  430        -291.53        -843.49
  224            -73            977
  223            -57            442
  222        -43.134        -75.042
  146        102.062       1208.019
  145            115            771
  144            124            348
  143            143           -199
  142            156           -726
  440        238.356       -871.403
  444         197.88       1379.377
  443            221            815
  442        214.661        253.348
  340        463.789       -888.237
  341            456           -494
  441            264           -300
  342        445.709        -66.965
  343         433.66        371.612
  344        426.187       723.2921
  345            417           1055
  346        408.102       1392.541
  453            767            847
  452        765.636        264.888
  451            781           -311
  450        775.974        -906.68
  156           1233           1302
  155           1241            835
  154       1250.213        376.511
  153           1263           -210
  152           1272           -777
  151           1279          -1289
  463           1344            879
  462       1343.409        275.544
  461           1358           -325
  460       1348.129       -940.651
  355       1583.997       1142.011
  354           1589            775
  353       1596.241        393.653
  352       1602.984        -73.742
  351           1608           -534
  350       1611.667       -941.556
  473           1970            914
  472           1999            285
  471           2003           -337
  470           2031           -981
   11      -1155.898       -258.844
   12      -1136.752       -584.925
   13       -1116.73       -870.752
   31       -985.493       -308.397
   32       -970.019       -657.521
   33       -955.351       -988.933
   41       -876.414        -349.44
   42       -852.973       -737.964
   43       -834.765      -1068.628
   51           -548           -344
   52           -525           -715
   53           -497          -1126
   61        -75.612       -365.757
   62        -58.111       -704.763
   63        -31.023      -1129.757
   71        345.523       -317.028
   72            362           -688
   73        381.598      -1065.484
   81            680           -268
   82            695           -624
   83            712           -986
   91            933           -279
   92            945           -621
   93            951           -965
