  431       -1754.66       -295.249
  430      -1763.015       -897.083
  132      -1177.152       -708.472
  331      -1311.468       -486.522
  332      -1307.265        -57.691
  333      -1300.477        372.943
  334       -1290.57        729.404
  335      -1288.753       1093.177
  133      -1168.462        -183.64
  134      -1153.816        383.327
  135      -1148.454       818.4569
  136      -1139.504       1269.774
  440       -1123.48        -885.42
  441      -1072.599        -291.66
  443      -1064.387       870.8772
  450       -544.809       -882.461
  451       -517.922       -296.188
  452       -507.701        273.375
  453       -480.231       845.7826
  460          9.191       -875.778
  461           39.5       -301.645
  462         50.831        259.443
  463         76.874         820.55
  464          92.55       1389.168
  474        629.005       1351.789
  473        616.005       795.7257
  472        614.456        241.854
  470        595.728       -868.155
  360       1559.402       -877.932
  361       1578.402       -484.748
  362       1599.037        -75.509
  363       1616.782        342.317
  364       1638.113       757.6058
  365       1654.558       1192.756
  433      -1725.956       898.0571
  442      -1101.303        287.664
  131      -1185.675      -1206.141
  340       -353.344       -870.192
  341       -342.048       -479.842
  342       -331.183        -55.823
  343       -320.474        379.528
  344       -309.249       728.6113
  345       -300.415       1056.813
  346       -292.727        1393.35
  224       -372.543       1010.409
  223       -386.855       464.5301
  222       -402.451        -62.954
  221       -416.781        -587.97
  142         90.666       -708.441
  143        107.011       -192.077
  144        122.751        347.822
  145        137.803       764.7107
  146        148.972       1195.259
  356        800.602       1340.477
  355        789.195       1002.742
  354        778.425       678.6311
  353        765.542        340.159
  352         751.16        -74.137
  482       1105.416        229.192
  483        1118.96       772.5459
  484        1155.47       1315.069
  156       1204.152       1128.481
  155       1187.021       719.4593
  154       1173.458        317.762
  502       2088.829        199.198
  502       2088.829        199.198
  432      -1742.382        298.272
  503       2112.978       722.5812
  494       1631.052       1285.534
   11       -986.817       -261.931
   12       -990.956       -625.378
   13       -990.885       -942.741
   23       -743.545       -959.177
   22        -744.22       -594.693
   21       -747.428       -261.789
   31       -450.029       -313.698
   32       -456.897       -688.851
   33           -462          -1044
   43            -76          -1106
   42        -74.355       -760.839
   41        -72.947       -354.419
   51         390.44       -340.799
   52        389.322       -713.499
   53        389.113      -1123.827
   71        945.954        -302.38
   91       1169.416       -262.069
   92       1160.456       -566.157
   93       1146.144       -874.014
   72            930           -648
   73            920           -997
   61            777           -354
   62          767.5         -678.5
   63          760.5        -1084.5